84875
43187
22463
8730
13358
26289
39508
51158
21040
53769
11423
63509
73654
60449
61406
48089
44649
44624
59335
68609
57543
8025
7818
42319
67624
43061
36620
57838
28912
50297
44139
58883
54768
53091
29230
38262
48307
44798
25377
55994
61421
49927
54065
65088
5248
44728
18076
54344
46137
61338
13890
50921
16902
45860
48021
47065
11690
43947
51856
45575
36175
61902
39934
36399
53888
64344
57072
51235
7155
48405
31059
45516
19867
53714
29159
24659
42539
39832
35625
48884
23362
54593
4828
48858
44588
56055
51399
30035
73172
57132
57444
56270
15783
48702
31858
49319
40801
50366
46505
63915
46727
116434
42142
66213
44015
26110
41473
41837
47342
44573
41016
51439
89974
51077
63808
54490
31081
52734
50828
47254
64836
49990
44374
122169
25352
39754
42581
32205
35225
41991
42650
47523
36097
117401
33092
45795
51772
39730
49347
49571
44386
52401
48697
37460
99839
43080
12453
55323
45460
49947
56082
56478
61981
53408
59466
98547
43386
33423
51595
41035
45039
47774
44757
46898
55011
64630
118907
38957
9198
57528
35156
30007
44511
45559
70493
56859
43656
94272
74805
39675
57193
50739
67146
32979
54910
42749
24509
56530
53381
58337
41487
30912
44875
42478
52399
41525
47929
45484
32178
16560
46333
51111
58198
44556
46257
31266
50667
33852
39007
44505
42960
42660
45044
40399
39959
56749
29552
29699
28673
31835
34584
26162
27743
42092
44425
50731
57524
51576
45470
46924
41975
43833
49802
41367
36336
46775
57174
33607
51696
45458
15882
42138
45141
48968
11478
58965
57252
32970
29925
30125
37210
44109
49289
28971
37149
44729
40602
25732
40420
58396
52439
5096
47805
35083
71365
35891
38299
57650
36281
30941
149822
42176
50095
45037
27663
40205
37314
49867
62237
36756
56644
42509
35947
34419
41890
32073
28548
29572
33668
36964
56452
37227
45041
39625
41266
35628
39583
35858
26418
38711
32049
38457
52117
25187
35990
28797
31819
31706
42117
29445
24401
26163
32967
24291
50594
29938
49791
33145
47253
40071
49186
43189
32844
44568
44105
37559
64027
46192
43115
41486
29866
35055
49785
38113
28081
34482
37082
45136
54574
34369
32089
34555
36534
38467
40925
36435
39128
11077
35039
46680
43284
48360
32345
32913
42060
28052
12722
35713
36881
20585
38666
38301
37672
40888
51792
33061
306091
125512
26880
28862
21577
42601
29459
34301
24239
41865
19997
34958
36149
32513
364653
18420
43929
23614
31372
27376
14878
16333
28902
28762
28110
17434
20009
42121
28818
6447
8890
14934
34907
33806
23067
11185
12928
29268
11515
33542
7691
16040
23864
35973
35729
33242
22859
25585
19645
23126
9595
33261
40766
28660
10195
37743
42213
31329
40442
33542
24092
32557
21877
49167
136
29697
29763
45307
33452
35599
22830
26247
26112
45510
36909
35652
33705
33193
31531
40595
21841
33594
6154
29783
32979
29721
29074
32934
23986
16330
26576
13667
30448
7259
24873
6123
19328
7911
5862
33281
3187
10763
9998
49752
21230
23413
13808
38615
12683
29336
8944
6356
7151
5665
29401
62411
47535
3657
35645
5535
55497
11416
3067
16405
7842
22889
12685
21721
50106
58083
22456
12695
13648
13010
70524
17007
42411
62162
9978
46195
20663
52697
9331
3972
38479
56081
20085
24478
41936
6563
13427
22589
13844
3784
13896
8032
34950
26120
6209
13782
15353
30276
4191
3498
4128
7295
5185
70958
43132
12482
211820
211695
246097
141529
325151
130279
331915
44938
28614
34017
889
28264
35859
30429
32464
40755
20920
32427
33615
27729
18880
29224
42463
23535
38074
25116
37433
30770
26487
40860
47768
16104
24387
22840
32087
28968
24756
37601
35064
33094
27508
30217
49469
29440
25355
26563
26282
34976
36637
30921
44781
43453
26421
35675
23649
8956
22088
25910
17723
23345
32293
40205
43168
31292
27137
13737
20440
22203
23383
22241
29353
24804
23738
20170
31102
22885
16983
24482
30119
24967
20147
28027
28759
19505
33423
27243
34548
26179
19669
24108
22821
24294
15493
579
20118
21679
12476
27868
23694
21250
15382
37419
28626
21008
24124
25134
631
18149
39926
551
35905
40485
34446
22375
17768
49174
39316
20772
30347
28791
35547
43085
36794
21253
32360
37450
35781
46800
40859
26769
60948
23054
38692
37211
34311
36830
27046
46304
41788
35223
49872
31373
31164
45228
48049
37751
11136
29364
32381
40414
36191
43601
35676
34977
42438
31671
32521
36261
38571
30152
36983
38516
33478
10149
25896
26684
34620
36578
43616
25318
21343
22177
37233
31999
11660
24379
34476
18174
31272
34608
28599
17525
30493
37618
31346
30984
28593
7499
32331
272
51544
35693
22808
35167
24900
31708
20642
24095
12391
23768
22685
34491
943
29179
34401
32183
40565
21959
2580
27905
26051
28004
27329
47409
32094
32541
34745
2036
51563
40762
33305
10890
37625
33230
19120
43102
39049
35328
448
53649
40007
45927
36233
576
36457
33393
32135
47205
46447
41495
29689
52669
44131
34045
1453
31563
48903
35430
44597
44326
26088
39896
476
44773
31198
290
37646
36591
28193
1864
17004
1053
902
64245
19385
23669
33595
30334
35638
34391
35729
32105
46562
54318
19886
19218
28914
29087
40821
38911
36705
51621
37603
28855
22362
38158
16832
19093
375
37300
33470
27791
29591
17011
19128
17019
19762
33866
26056
22924
39575
24043
22645
31039
22612
20620
39238
25438
16209
25060
31859
35283
63492
37813
29976
38659
29669
19399
28049
25821
25312
30029
30027
19726
39516
35229
47244
36106
22076
22871
9674
24635
335
28794
22725
41059
37965
30337
41086
34833
28561
26962
30437
35124
33141
23361
20186
51741
30683
41215
25619
37226
37356
39271
31185
25808
32339
32459
29862
40958
25206
26434
5897
21351
22696
39836
33500
32266
27993
41199
570
36865
29772
22456
22391
20086
38045
23911
23439
25664
89878
115506
29690
50158
907
118
768
57456
66340
153
106713
80606
80628
61516
76713
45905
78689
45915
57451
92713
70742
41774
83671
83323
95625
111207
44624
46439
42890
12643
15629
100668
61897
39137
107286
48942
77404
115643
117230
52624
85526
40952
49083
74450
67911
46068
77118
50953
64259
71173
58290
37760
48144
21343
51956
76057
43234
24156
33049
69141
18662
112964
44393
31689
50198
22676
35713
72277
64461
22976
79765
52072
21326
110140
82206
44182
79175
30922
42073
86410
61309
44749
49563
20725
1094
76030
32315
85920
31315
54843
44751
58120
41932
40060
87068
71300
43421
32430
28446
25006
69476
65790
64117
74270
102011
73547
37590
8292
24074
20072
34022
19081
73751
46746
63332
41523
82693
103685
66877
59322
34009
19527
27078
24542
72988
63606
72442
67805
120305
62253
50901
50179
20199
11159
27036
19082
33912
51016
59466
43757
88899
97883
84259
67400
38042
29386
40533
39885
80392
91474
108214
79867
84958
39344
71295
69054
27062
16221
35832
22070
73957
83482
86947
74189
106215
90463
56493
83406
23276
11894
14171
19167
69875
71188
67620
64505
84663
76502
74514
23414
13716
36768
31686
81043
80230
68961
46977
69687
30753
48678
29777
43107
24238
39714
21527
59230
7976
26421
28690
31622
37148
25395
23988
56839
22245
23506
24589
26815
15483
33770
45441
28965
32057
23129
8508
34222
9550
17401
20424
39916
26285
33222
40080
25889
29556
7222
29452
3809
20878
10630
20864
15293
22738
35259
43092
43145
28857
31437
41621
21220
38244
6468
34755
25744
91034
210633
156096
126315
36721
1223
31854
197536
99487
123426
1491
263295
238669
212833
160289
198639
287243
24510
262263
9285
222451
238713
226381
7887
225480
109766
413851
273270
199721
145343
347986
306358
