457
230
117
49
78
139
209
269
107
282
67
341
391
328
330
252
238
238
323
360
312
45
45
223
355
228
189
314
151
263
236
318
288
277
151
196
255
238
132
299
330
260
284
348
30
238
93
287
242
330
78
265
90
242
252
247
68
235
271
242
183
333
211
185
283
344
310
269
40
255
160
242
103
282
151
128
226
211
181
258
123
287
28
258
237
301
270
155
389
310
312
307
85
258
162
258
217
264
245
342
245
603
222
351
235
137
219
222
250
237
217
271
481
268
341
287
160
275
265
250
345
260
236
628
132
210
226
165
180
222
226
251
183
605
169
242
271
210
258
258
236
272
258
193
534
228
73
294
241
260
302
308
333
279
324
524
232
170
271
218
240
251
238
246
292
344
610
202
51
312
180
155
236
242
370
309
233
504
398
209
311
264
355
169
291
228
127
308
279
318
220
157
240
225
272
220
251
241
165
89
244
268
317
237
244
160
264
172
202
236
228
227
240
213
211
309
152
154
151
162
179
137
147
222
236
264
312
271
241
246
222
234
258
219
184
245
311
170
271
241
85
222
240
258
67
318
311
169
155
155
189
236
258
151
189
238
214
134
213
318
272
29
251
180
376
181
196
313
184
157
779
222
262
240
147
212
191
259
334
189
309
225
181
178
222
164
151
152
170
189
308
189
240
209
218
181
209
181
140
200
163
197
271
131
181
151
162
162
222
151
127
137
169
126
264
155
258
169
250
211
258
230
168
237
236
194
344
243
228
220
155
180
258
196
149
179
189
240
287
178
164
179
189
197
217
186
205
66
180
245
230
255
165
168
222
149
76
181
189
105
198
196
194
217
271
169
1563
646
143
151
109
226
151
178
126
222
103
180
183
165
1838
94
235
123
160
146
82
87
151
151
149
91
103
222
151
38
50
82
180
172
121
66
76
151
68
170
44
86
124
181
181
169
121
133
101
121
55
169
217
151
59
195
222
160
213
170
126
167
110
258
0
154
155
241
170
181
121
137
137
242
189
181
171
169
162
214
110
170
36
155
169
155
151
168
126
87
141
78
156
41
128
36
98
45
34
169
22
65
57
258
108
123
78
198
76
151
50
38
40
33
151
335
251
25
181
32
296
67
21
87
45
121
76
110
262
315
117
76
78
76
370
90
224
333
56
243
105
275
53
26
197
302
103
127
222
39
78
118
78
25
78
45
180
137
36
78
83
155
27
25
26
41
29
374
228
73
1085
1084
1254
727
1656
670
1688
240
151
176
2
149
181
155
165
217
107
165
170
147
95
151
224
123
196
130
193
156
140
217
251
86
127
121
164
151
128
194
180
169
147
155
258
151
132
141
139
180
189
157
238
233
140
181
123
50
112
135
92
123
165
212
229
160
145
78
105
113
123
114
151
128
123
104
160
121
90
127
155
129
104
149
151
100
170
145
179
137
101
126
121
126
85
1
104
110
73
149
123
108
84
193
151
107
126
130
1
94
211
1
181
214
178
116
93
258
207
107
155
151
181
228
189
108
165
193
181
246
217
142
329
121
200
189
178
189
145
244
221
180
259
160
160
241
252
195
66
151
165
213
183
233
181
180
224
162
166
184
198
155
189
197
170
59
135
142
179
189
233
132
108
113
189
163
68
127
179
94
160
179
151
91
156
194
160
157
151
42
165
0
271
181
121
180
128
162
105
126
73
124
118
179
2
151
178
165
214
112
19
149
137
149
146
250
164
167
179
12
271
217
169
65
194
169
96
228
203
180
1
280
211
242
184
1
187
170
164
249
245
220
154
274
236
176
5
162
258
180
237
236
137
211
1
238
160
0
194
189
149
11
90
2
2
344
99
123
170
155
181
178
181
164
245
287
103
97
151
151
217
201
189
271
194
151
116
196
90
96
0
191
170
147
152
90
96
90
101
172
137
121
209
126
118
158
118
105
205
132
87
130
162
180
341
196
155
198
153
99
149
135
132
155
155
101
209
180
250
183
112
121
55
128
0
151
121
218
196
155
218
179
151
144
156
180
169
123
104
271
156
218
134
189
191
205
160
135
165
165
155
217
131
140
34
108
118
211
170
165
149
218
1
189
155
117
116
103
196
124
123
134
481
598
154
262
2
0
1
312
352
0
556
435
435
331
411
242
422
242
312
495
372
221
454
451
512
578
238
245
228
75
85
537
333
205
561
258
415
600
605
274
461
217
258
393
356
242
414
266
344
376
318
195
255
108
271
407
230
126
169
362
94
586
236
162
263
118
181
383
344
121
432
271
108
575
445
236
428
157
222
470
330
238
258
106
2
407
165
466
160
289
238
315
222
211
473
376
232
165
149
129
364
351
344
393
539
390
194
47
126
103
176
96
391
245
341
220
446
544
355
323
176
101
145
127
388
341
384
355
615
334
265
262
104
66
145
96
173
267
324
233
477
521
454
355
196
151
214
211
434
488
564
433
459
208
376
362
145
87
181
112
391
453
472
393
556
483
308
453
122
69
79
97
365
376
355
344
457
410
394
123
78
189
162
438
434
362
246
364
156
258
155
228
126
209
109
322
45
140
151
162
189
132
126
309
114
123
127
142
85
172
241
151
163
121
48
178
55
91
105
211
139
169
211
135
152
41
151
25
107
64
107
83
121
180
228
228
151
161
220
108
196
38
179
135
484
1080
807
652
189
3
162
1020
532
633
6
1332
1214
1093
834
1025
1475
127
1328
52
1132
1214
1150
45
1143
571
2090
1396
1029
745
1760
1563
