274
135
67
33
42
82
116
165
67
163
36
206
237
198
205
166
140
137
174
204
174
23
28
133
217
150
119
195
87
149
156
198
173
166
100
120
158
143
89
199
210
158
170
230
16
158
62
172
152
202
21
153
58
139
159
149
38
136
157
116
108
213
120
116
145
185
166
130
24
154
95
137
54
176
88
81
126
134
117
169
56
173
15
156
143
206
163
88
226
177
175
190
52
161
94
147
133
156
146
208
150
333
123
200
133
78
125
127
151
123
133
163
278
165
201
171
99
172
148
126
199
153
144
360
55
110
155
91
95
136
120
148
118
366
93
144
159
136
163
155
137
171
169
124
303
122
47
150
135
148
164
160
181
157
182
276
137
105
158
115
135
142
143
144
177
205
341
122
32
175
87
80
129
137
221
187
134
302
234
116
188
162
229
102
184
138
76
183
165
166
117
94
129
137
165
140
153
134
106
53
142
165
175
150
131
102
169
89
129
133
132
134
145
126
116
192
103
88
101
95
100
73
90
129
152
154
186
157
153
162
150
147
138
124
117
151
192
96
165
141
41
131
140
151
36
185
186
102
80
94
100
135
151
86
104
145
127
72
126
194
147
16
148
109
245
114
121
191
117
103
454
127
149
144
87
123
113
154
205
112
208
129
111
108
128
95
98
89
100
123
181
119
141
124
124
121
127
106
80
123
99
119
162
74
111
81
85
90
134
98
78
51
102
64
171
88
151
107
147
144
163
120
96
149
154
126
194
138
128
129
97
110
154
112
95
103
107
145
185
106
99
109
121
123
142
119
119
43
116
147
137
163
110
90
127
95
49
105
122
50
128
125
111
135
151
98
865
269
72
71
56
115
72
77
67
98
61
73
80
77
974
49
96
56
74
57
39
39
57
55
54
35
50
92
58
14
21
36
71
78
48
25
34
78
20
71
23
34
59
80
84
79
56
60
50
56
22
84
96
62
20
90
100
83
86
71
63
84
41
105
0
69
62
105
83
83
51
67
68
111
81
77
77
67
67
86
49
83
19
69
76
60
65
74
45
35
65
35
72
17
59
13
44
14
13
77
10
23
24
105
48
61
31
80
34
78
24
16
25
15
64
158
95
10
76
12
117
25
8
44
17
54
29
48
119
132
50
28
32
27
156
43
84
152
22
104
58
124
21
11
84
141
43
58
93
18
34
46
34
10
34
22
78
66
19
33
35
63
12
8
5
22
12
220
94
29
550
625
668
396
939
356
907
141
87
103
0
81
94
91
97
126
50
87
108
82
49
90
118
69
108
67
105
83
76
124
128
38
66
63
98
75
65
90
122
97
80
100
148
85
68
72
70
104
101
85
141
119
83
99
69
16
48
80
43
68
87
121
128
83
88
48
47
58
60
59
78
65
53
48
75
59
41
61
81
63
54
91
86
55
88
76
108
76
47
68
71
67
52
0
56
57
37
74
67
59
38
114
92
56
71
75
0
61
114
0
96
131
100
70
53
150
106
57
89
85
96
119
112
63
90
106
97
145
123
84
200
64
113
117
101
103
85
143
142
109
146
85
94
144
135
119
20
73
95
121
98
139
82
102
125
99
94
107
123
87
109
106
108
32
64
72
91
97
129
72
52
54
106
81
24
78
92
44
88
102
83
37
77
105
86
89
88
23
94
0
159
110
66
98
70
96
58
72
43
73
66
109
0
82
105
94
120
58
8
83
73
90
81
142
91
99
98
5
164
116
86
39
108
70
44
121
113
105
1
166
130
146
96
0
99
104
89
139
141
113
75
163
129
98
0
99
142
87
138
125
82
106
0
129
91
0
107
105
84
4
49
0
2
199
52
73
78
92
85
114
93
84
139
169
60
42
67
82
108
111
101
165
107
89
75
111
39
44
0
98
110
83
87
49
47
47
48
101
58
67
97
61
56
80
61
55
104
69
44
77
85
97
179
104
84
93
96
54
82
68
76
99
75
59
114
99
139
92
63
69
29
63
0
85
69
121
117
99
129
105
83
91
86
95
89
62
57
154
86
124
74
93
119
116
91
73
102
91
88
132
74
76
11
68
65
109
91
90
79
121
0
109
76
69
59
51
107
49
59
74
403
494
127
215
2
0
1
245
269
0
457
345
345
259
316
196
352
195
251
403
305
191
362
374
415
463
200
205
185
54
66
426
259
168
472
207
341
494
473
218
373
171
202
309
289
194
347
206
282
302
257
155
210
68
216
334
174
100
137
284
75
459
188
122
204
92
146
310
268
97
336
225
87
473
362
191
358
132
178
375
272
199
203
81
0
334
140
385
124
230
175
256
178
164
218
163
91
76
64
57
161
142
153
178
238
155
84
25
55
47
74
49
173
97
128
91
175
233
151
116
74
41
64
57
181
140
159
147
292
139
104
109
56
25
75
49
83
118
136
104
205
205
203
146
93
70
82
80
192
210
247
172
190
86
150
159
64
47
84
50
166
182
202
163
234
213
126
196
50
33
31
47
157
180
150
151
196
183
151
52
32
83
80
186
201
157
115
162
134
224
125
181
104
174
86
274
27
121
126
139
152
110
110
263
91
106
102
112
67
134
201
121
133
98
42
157
46
73
84
177
115
142
170
95
130
33
121
20
91
44
90
73
102
101
136
117
75
88
120
68
119
17
95
75
289
598
458
365
112
0
90
576
312
343
3
739
668
569
467
552
838
70
795
23
598
715
656
22
670
337
1213
818
623
456
1044
930
